3 0.86818 0.412677 0.054828 0.091014
3 0.916445 0.491403 0.061609 0.030071
3 0.90432 0.593042 0.046609 0.02533
3 0.946578 0.426439 0.059 0.026226
3 0.957805 0.514882 0.031328 0.019953
3 0.801977 0.529139 0.052641 0.021627
3 0.945266 0.444446 0.0615 0.019929
3 0.912422 0.543821 0.061562 0.023868
3 0.80675 0.396179 0.051938 0.021981
3 0.915148 0.511073 0.059797 0.02908
3 0.8675 0.324894 0.056219 0.012335
3 0.806164 0.429599 0.051547 0.017028
3 0.866289 0.310472 0.056266 0.026226
3 0.500781 0.516509 0.995313 0.962264
