3 0.258578 0.204883 0.029281 0.065176
3 0.383852 0.213044 0.023422 0.04993
3 0.479172 0.217775 0.022844 0.042108
3 0.400266 0.219508 0.011031 0.03733
3 0.503594 0.214075 0.020156 0.052037
3 0.432297 0.21726 0.019719 0.043044
3 0.416141 0.223044 0.016156 0.030773
3 0.368281 0.218232 0.014406 0.043958
3 0.347211 0.217857 0.029016 0.043115
3 0.303594 0.211136 0.0275 0.056885
3 0.236281 0.204614 0.021719 0.059438
3 0.524219 0.213817 0.023969 0.04918
3 0.456219 0.217049 0.024656 0.040234
3 0.281242 0.213689 0.020672 0.052482
3 0.386719 0.38993 0.770313 0.522248
