3 0.290453 0.231129 0.02775 0.07237
3 0.210766 0.223567 0.023375 0.066637
3 0.154531 0.219266 0.026937 0.064041
3 0.243812 0.147359 0.024063 0.061445
3 0.300297 0.153555 0.033875 0.064944
3 0.263516 0.307935 0.019312 0.052212
3 0.237938 0.228002 0.021625 0.059436
3 0.216406 0.142607 0.026875 0.059345
3 0.065141 0.218081 0.036281 0.055079
3 0.150867 0.136704 0.019609 0.061174
3 0.183727 0.222675 0.026547 0.064492
3 0.315727 0.236433 0.022172 0.060677
3 0.206852 0.302122 0.019203 0.058555
3 0.371094 0.173815 0.717188 0.34763
