3 0.565633 0.485176 0.047047 0.082776
3 0.66657 0.500718 0.051172 0.095882
3 0.340438 0.495506 0.046563 0.0968
3 0.460023 0.435318 0.043828 0.087294
3 0.554734 0.441659 0.045063 0.091412
3 0.657172 0.451271 0.0435 0.091153
3 0.742414 0.506141 0.047609 0.096376
3 0.726891 0.4622 0.044344 0.085576
3 0.448781 0.479812 0.047938 0.083529
3 0.35657 0.443188 0.044266 0.097388
3 0.809281 0.514729 0.046969 0.088424
3 0.790969 0.472224 0.042813 0.085812
3 0.879305 0.523541 0.038047 0.076588
3 0.864844 0.482353 0.039062 0.065882
