0 0.195801 0.286857 0.057617 0.075429 
0 0.269531 0.286857 0.044922 0.066286 
0 0.410156 0.281143 0.046875 0.077714 
0 0.523926 0.284 0.041992 0.074286 
0 0.57666 0.241143 0.038086 0.057143 
0 0.679199 0.308 0.041992 0.062857 
0 0.752441 0.301143 0.038086 0.056 
0 0.816406 0.321714 0.041016 0.065143 
0 0.919434 0.316 0.043945 0.060571 
0 0.67627 0.157143 0.012695 0.024 
0 0.682129 0.117714 0.004883 0.011429 
0 0.672852 0.1 0.005859 0.012571 
0 0.65918 0.094857 0.005859 0.011429 
0 0.641113 0.104 0.006836 0.011429 
0 0.626953 0.096571 0.005859 0.012571 
0 0.608398 0.093714 0.007812 0.013714 
0 0.587402 0.136 0.006836 0.013714 
0 0.580078 0.138286 0.005859 0.013714 
0 0.594727 0.097143 0.007812 0.009143 
0 0.581055 0.105143 0.005859 0.011429 
0 0.5625 0.100571 0.007812 0.013714 
0 0.45166 0.086286 0.006836 0.014857 
0 0.438965 0.085714 0.004883 0.013714 
0 0.424316 0.082286 0.006836 0.011429 
0 0.407715 0.079429 0.008789 0.010286 
0 0.304199 0.093143 0.006836 0.014857 
0 0.507812 0.084 0.005859 0.010286 
0 0.525391 0.104 0.007812 0.009143 
0 0.39209 0.08 0.008789 0.011429 
0 0.352051 0.1 0.008789 0.017143 
0 0.310059 0.126286 0.008789 0.014857 
0 0.370117 0.091429 0.009766 0.016 
0 0.606934 0.118857 0.006836 0.011429 
