1 0.758301 0.376302 0.032227 0.049479 
1 0.712402 0.39388 0.030273 0.045573 
1 0.638672 0.404948 0.027344 0.049479 
1 0.621094 0.327474 0.03125 0.045573 
1 0.543457 0.337891 0.024414 0.03776 
1 0.472168 0.31901 0.030273 0.041667 
1 0.410645 0.35612 0.022461 0.035156 
1 0.350586 0.354818 0.027344 0.042969 
1 0.317383 0.344401 0.029297 0.045573 
1 0.257324 0.389323 0.030273 0.041667 
1 0.248047 0.436198 0.021484 0.028646 
1 0.187988 0.401042 0.02832 0.044271 
1 0.606445 0.700521 0.021484 0.03125 
