1 0.102539 0.460286 0.035156 0.048177 
1 0.13623 0.416016 0.032227 0.053385 
1 0.178223 0.413411 0.032227 0.048177 
1 0.228516 0.464844 0.029297 0.052083 
1 0.26123 0.427734 0.032227 0.048177 
1 0.33252 0.398438 0.026367 0.044271 
1 0.365723 0.458333 0.026367 0.044271 
1 0.439941 0.423177 0.026367 0.041667 
1 0.472656 0.439453 0.027344 0.048177 
1 0.549316 0.464844 0.024414 0.036458 
1 0.558105 0.522135 0.036133 0.059896 
1 0.272949 0.549479 0.03418 0.054688 
1 0.36084 0.611328 0.03418 0.053385 
1 0.459961 0.544922 0.029297 0.048177 
1 0.595215 0.565104 0.03418 0.057292 
1 0.700684 0.552734 0.030273 0.050781 
1 0.632812 0.464193 0.025391 0.03776 
1 0.660645 0.42513 0.026367 0.042969 
1 0.740723 0.528646 0.026367 0.044271 
1 0.767578 0.471354 0.027344 0.039062 
1 0.82666 0.47526 0.032227 0.049479 
1 0.791504 0.561198 0.038086 0.054688 
1 0.893555 0.462891 0.033203 0.050781 
