1 0.057129 0.127465 0.040039 0.069014 
1 0.149902 0.159859 0.036133 0.057746 
1 0.241211 0.123944 0.035156 0.061972 
1 0.392578 0.075352 0.035156 0.066197 
1 0.498535 0.105634 0.036133 0.064789 
1 0.560059 0.134507 0.036133 0.05493 
1 0.640625 0.139437 0.037109 0.061972 
1 0.73584 0.147887 0.041992 0.064789 
1 0.844727 0.176056 0.039062 0.067606 
1 0.971191 0.123944 0.045898 0.078873 
1 0.897949 0.45493 0.049805 0.084507 
1 0.786621 0.425352 0.041992 0.078873 
1 0.671875 0.407042 0.041016 0.08169 
1 0.567871 0.379577 0.038086 0.06338 
1 0.223633 0.343662 0.050781 0.087324 
1 0.091797 0.417606 0.042969 0.071831 
