1 0.148438 0.359375 0.048828 0.078125 
1 0.197754 0.344401 0.038086 0.061198 
1 0.251953 0.416016 0.039062 0.048177 
1 0.286133 0.461589 0.044922 0.061198 
1 0.358398 0.436849 0.03125 0.040365 
1 0.368164 0.372396 0.044922 0.049479 
1 0.442383 0.375651 0.042969 0.071615 
1 0.510254 0.397786 0.038086 0.05599 
1 0.628906 0.38737 0.041016 0.063802 
1 0.674805 0.365234 0.035156 0.05599 
1 0.776855 0.371745 0.032227 0.040365 
1 0.746582 0.341146 0.040039 0.059896 
1 0.930664 0.347005 0.042969 0.05599 
1 0.427246 0.503255 0.045898 0.05599 
1 0.61084 0.598958 0.040039 0.054688 
1 0.706055 0.679688 0.039062 0.054688 
1 0.732422 0.499349 0.041016 0.061198 
1 0.227539 0.677734 0.042969 0.058594 
1 0.259766 0.761068 0.044922 0.061198 
1 0.140137 0.447266 0.045898 0.071615 
