0 0.122559 0.193265 0.038086 0.058565 
0 0.20459 0.280381 0.040039 0.062958 
0 0.250488 0.218155 0.032227 0.058565 
0 0.316406 0.293558 0.037109 0.060029 
0 0.34375 0.227672 0.033203 0.060029 
0 0.371094 0.327233 0.027344 0.039531 
0 0.422852 0.237189 0.033203 0.061493 
0 0.453613 0.280381 0.03418 0.062958 
0 0.54248 0.282577 0.030273 0.058565 
0 0.52002 0.2306 0.030273 0.060029 
0 0.450684 0.396047 0.036133 0.057101 
0 0.629395 0.284041 0.03418 0.061493 
0 0.624512 0.222548 0.030273 0.058565 
0 0.716309 0.239385 0.032227 0.062958 
0 0.720215 0.372621 0.026367 0.039531 
0 0.762695 0.309663 0.035156 0.062958 
0 0.835449 0.256955 0.03418 0.060029 
0 0.864746 0.338214 0.038086 0.070278 
0 0.645996 0.480966 0.032227 0.051245 
0 0.5625 0.485359 0.033203 0.057101 
0 0.630371 0.594436 0.02832 0.04978 
0 0.253906 0.35798 0.037109 0.065886 
0 0.179199 0.45022 0.024414 0.036603 
